#^GML V1.5
# No comments were provided.
GmlClassifier: CLASSIFIER-C:\ChestCAD\Code\All.trn
nclasses: 2
clabels: P N
numFeatures: 14
flabels: Icd.dx Icd.dy Shape.areaFraction Shape.aspectRatio Shape.areaToHullRatio Density.deltaAvgCodeValue Nodule-Rib.deltaSigmaCodeValue Gradient.dirCoherence Gradient.nonuniformity Gradient.quality Texture.energy Texture.contrast Nodule-Rib.afum Surface.lamda1
endHeader:
classIndex: 0
prior: 0.085842
mean: 4.500682e-001 2.085552e-002 2.195041e-002 1.527707e+000 8.977833e-001 2.590171e+002 -2.643764e+000 7.177133e-001 1.165606e-001 1.202586e+001 2.490197e-002 2.788548e+000 7.654224e-001 -1.071369e-001
icov:
 7.299644e+001 1.163478e+001 9.022050e+001 -1.174719e+000 6.452090e+000 9.372149e-003 2.432404e-002 -2.121922e+000 -5.257329e+000 -1.368788e-001 1.951396e+002 1.453145e+000 -1.464080e+001 -6.622965e+000
 1.163478e+001 1.419838e+001 2.967355e+001 7.974211e-002 5.607222e+000 -1.527674e-004 -5.408237e-003 6.300480e-001 2.074257e+000 7.755288e-002 3.024328e+001 -1.565248e-001 -3.193809e+000 1.093331e+000
 9.022050e+001 2.967355e+001 1.999272e+004 8.547743e+001 5.034576e+002 -7.568032e-001 -1.511697e+000 -5.212257e+001 -7.709963e+001 4.563372e+000 5.713873e+003 5.440321e+001 -2.799792e+002 -6.380512e+002
 -1.174719e+000 7.974211e-002 8.547743e+001 9.280040e+000 1.078918e+001 2.673316e-003 9.602377e-003 3.495958e+000 9.467791e+000 5.012744e-002 -1.536760e+001 -4.128350e-001 -3.657034e+000 -7.920377e+000
 6.452090e+000 5.607222e+000 5.034576e+002 1.078918e+001 5.910027e+002 -2.479645e-002 7.821974e-002 -3.833314e+001 -9.745468e+001 -5.901657e-001 -1.502390e+002 -7.879313e-001 -1.036907e+002 4.243262e+001
 9.372149e-003 -1.527674e-004 -7.568032e-001 2.673316e-003 -2.479645e-002 1.561950e-004 5.611781e-005 1.287246e-002 3.725334e-002 -4.855594e-004 4.445280e-002 -4.251557e-003 -1.897305e-002 -1.698770e-002
 2.432404e-002 -5.408237e-003 -1.511697e+000 9.602377e-003 7.821974e-002 5.611781e-005 2.522073e-003 -4.684826e-003 -5.823673e-002 -2.229542e-003 -2.370315e-001 -1.495524e-002 2.565165e-003 -6.985595e-003
 -2.121922e+000 6.300480e-001 -5.212257e+001 3.495958e+000 -3.833314e+001 1.287246e-002 -4.684826e-003 3.238372e+001 6.302721e+001 2.281402e-001 4.859329e+001 6.094692e-001 -1.277805e+000 7.576930e+000
 -5.257329e+000 2.074257e+000 -7.709963e+001 9.467791e+000 -9.745468e+001 3.725334e-002 -5.823673e-002 6.302721e+001 1.796492e+002 1.185995e+000 1.143705e+001 1.166098e+000 -4.279335e+000 2.392590e+001
 -1.368788e-001 7.755288e-002 4.563372e+000 5.012744e-002 -5.901657e-001 -4.855594e-004 -2.229542e-003 2.281402e-001 1.185995e+000 4.168968e-002 1.878867e+000 3.037764e-002 9.566329e-002 1.412218e+000
 1.951396e+002 3.024328e+001 5.713873e+003 -1.536760e+001 -1.502390e+002 4.445280e-002 -2.370315e-001 4.859329e+001 1.143705e+001 1.878867e+000 1.588934e+004 1.005552e+002 6.657766e+001 1.582070e+002
 1.453145e+000 -1.565248e-001 5.440321e+001 -4.128350e-001 -7.879313e-001 -4.251557e-003 -1.495524e-002 6.094692e-001 1.166098e+000 3.037764e-002 1.005552e+002 1.595168e+000 6.283469e-001 4.858624e+000
 -1.464080e+001 -3.193809e+000 -2.799792e+002 -3.657034e+000 -1.036907e+002 -1.897305e-002 2.565165e-003 -1.277805e+000 -4.279335e+000 9.566329e-002 6.657766e+001 6.283469e-001 1.039072e+002 -1.437031e+000
 -6.622965e+000 1.093331e+000 -6.380512e+002 -7.920377e+000 4.243262e+001 -1.698770e-002 -6.985595e-003 7.576930e+000 2.392590e+001 1.412218e+000 1.582070e+002 4.858624e+000 -1.437031e+000 2.380222e+002
lnDet: -31.753900
endClass:
classIndex: 1
prior: 0.914158
mean: 3.891139e-001 -1.235052e-002 1.317704e-002 1.816370e+000 9.006045e-001 1.914902e+002 -1.226416e+001 6.421828e-001 1.348209e-001 1.180548e+001 2.708530e-002 3.292211e+000 7.706476e-001 -1.449093e-001
icov:
 5.357023e+001 1.118847e+001 -9.887404e+001 -2.282415e+000 -5.750534e+000 1.524648e-002 3.255095e-002 1.840707e+000 2.155120e+000 5.201800e-002 -4.565735e+001 -1.996445e-001 2.910342e-001 -3.226320e+000
 1.118847e+001 1.090273e+001 2.668243e+001 1.084452e-001 -3.475208e-001 2.110425e-003 1.712445e-002 9.065626e-001 1.641064e+000 3.132919e-002 1.557430e+001 -6.885257e-002 -2.111025e+000 -1.958561e+000
 -9.887404e+001 2.668243e+001 3.214517e+004 4.938665e+001 1.223152e+003 -8.759460e-001 8.413908e-001 -1.456746e+002 -4.364151e+002 3.679164e+000 3.906397e+003 3.086664e+001 -1.972434e+002 -4.253240e+002
 -2.282415e+000 1.084452e-001 4.938665e+001 3.406757e+000 7.951880e+000 3.497004e-004 5.233258e-003 2.919412e+000 6.727544e+000 4.043789e-002 7.511048e+000 -5.376511e-002 -1.711463e+000 -2.385383e+000
 -5.750534e+000 -3.475208e-001 1.223152e+003 7.951880e+000 4.893928e+002 -1.241450e-002 1.007536e-001 -2.825613e+001 -6.147621e+001 -2.908873e-001 -7.853415e+001 -6.273132e-002 -8.473845e+001 2.469839e+001
 1.524648e-002 2.110425e-003 -8.759460e-001 3.497004e-004 -1.241450e-002 1.450078e-004 -1.821619e-004 1.074366e-002 3.257888e-002 -2.611835e-004 5.669289e-002 -2.322880e-003 -1.824732e-002 -3.291897e-003
 3.255095e-002 1.712445e-002 8.413908e-001 5.233258e-003 1.007536e-001 -1.821619e-004 2.799584e-003 -1.978509e-002 -9.736812e-002 -9.517622e-004 -2.165422e-001 -2.937984e-003 1.068751e-001 1.829360e-002
 1.840707e+000 9.065626e-001 -1.456746e+002 2.919412e+000 -2.825613e+001 1.074366e-002 -1.978509e-002 3.347329e+001 6.287663e+001 1.137391e-001 -4.626074e+000 3.407173e-002 -5.481012e+000 4.713273e+000
 2.155120e+000 1.641064e+000 -4.364151e+002 6.727544e+000 -6.147621e+001 3.257888e-002 -9.736812e-002 6.287663e+001 1.513516e+002 7.322160e-001 -2.663654e+001 -2.248328e-002 -1.158044e+001 1.573139e+001
 5.201800e-002 3.132919e-002 3.679164e+000 4.043789e-002 -2.908873e-001 -2.611835e-004 -9.517622e-004 1.137391e-001 7.322160e-001 3.698897e-002 1.134923e+000 1.982813e-003 2.433799e-001 8.276882e-001
 -4.565735e+001 1.557430e+001 3.906397e+003 7.511048e+000 -7.853415e+001 5.669289e-002 -2.165422e-001 -4.626074e+000 -2.663654e+001 1.134923e+000 6.694983e+003 2.776180e+001 -1.776040e+001 3.539232e+001
 -1.996445e-001 -6.885257e-002 3.086664e+001 -5.376511e-002 -6.273132e-002 -2.322880e-003 -2.937984e-003 3.407173e-002 -2.248328e-002 1.982813e-003 2.776180e+001 5.101917e-001 -5.410833e-002 1.297886e+000
 2.910342e-001 -2.111025e+000 -1.972434e+002 -1.711463e+000 -8.473845e+001 -1.824732e-002 1.068751e-001 -5.481012e+000 -1.158044e+001 2.433799e-001 -1.776040e+001 -5.410833e-002 1.028231e+002 -5.945427e-001
 -3.226320e+000 -1.958561e+000 -4.253240e+002 -2.385383e+000 2.469839e+001 -3.291897e-003 1.829360e-002 4.713273e+000 1.573139e+001 8.276882e-001 3.539232e+001 1.297886e+000 -5.945427e-001 9.287293e+001
lnDet: -27.321485
endClass:
