#^GML V1.5
# No comments were provided.
GmlClassifier: CLASSIFIER-C:\Chest-CADProject\AlgorithmValidation\Training\UofC.trn
nclasses: 2
clabels: P N
numFeatures: 12
flabels: Icd.Dif.Grad Shape.areaFraction Shape.areaToHullRatio D.deltaMaxCodeValue NR.deltaMaxCodeValue G.quality T.energy T.contrast T.energyEdgeMag N-R.afum Sur.lamda1 Sur.lamda12
endHeader:
classIndex: 0
prior: 0.013043
mean: 1.283238e+002 2.660123e-002 8.804725e-001 -2.293333e+002 9.972381e+001 1.100841e+001 2.512343e-002 2.514927e+000 4.928521e-003 6.607738e-001 -2.919293e-001 3.360169e-001
icov:
 2.004972e-004 -1.947910e-001 2.625207e-002 -8.112819e-006 -3.993970e-005 -1.826393e-003 8.614846e-002 3.323834e-003 5.993402e-001 3.228203e-002 3.683912e-002 2.106929e-002
 -1.947910e-001 1.351047e+004 7.455803e+000 7.402151e-002 -1.348715e-001 3.068738e+000 4.700928e+003 2.104138e+001 4.855070e+003 -3.356372e+002 -1.188105e+002 1.816743e+001
 2.625207e-002 7.455803e+000 5.091974e+002 1.895542e-002 -1.041037e-002 -2.200704e+000 7.505080e+001 5.364390e+000 -9.050748e+002 -6.937105e+001 8.359368e+001 2.582315e+001
 -8.112819e-006 7.402151e-002 1.895542e-002 3.078569e-005 -7.987087e-006 3.746252e-004 -5.062490e-002 -4.703225e-005 -2.685118e-001 -3.960533e-003 -7.016466e-004 -3.807578e-003
 -3.993970e-005 -1.348715e-001 -1.041037e-002 -7.987087e-006 1.075938e-004 -3.386401e-004 3.532530e-001 -2.383702e-003 1.187009e-001 -3.483820e-002 1.529842e-002 5.494725e-003
 -1.826393e-003 3.068738e+000 -2.200704e+000 3.746252e-004 -3.386401e-004 9.127275e-002 2.651403e+000 1.936095e-002 -2.567152e+001 -5.683392e-001 -1.555359e-001 -4.017237e-001
 8.614846e-002 4.700928e+003 7.505080e+001 -5.062490e-002 3.532530e-001 2.651403e+000 1.957309e+004 1.623233e+002 -1.304359e+004 -2.137879e+002 3.831356e+002 1.033354e+002
 3.323834e-003 2.104138e+001 5.364390e+000 -4.703225e-005 -2.383702e-003 1.936095e-002 1.623233e+002 3.151134e+000 2.008872e+001 4.551104e-001 2.590496e+000 -7.722799e-002
 5.993402e-001 4.855070e+003 -9.050748e+002 -2.685118e-001 1.187009e-001 -2.567152e+001 -1.304359e+004 2.008872e+001 1.700275e+005 8.209761e+001 -9.075368e+002 -3.192603e+002
 3.228203e-002 -3.356372e+002 -6.937105e+001 -3.960533e-003 -3.483820e-002 -5.683392e-001 -2.137879e+002 4.551104e-001 8.209761e+001 9.856466e+001 -2.427040e+001 -5.339378e+000
 3.683912e-002 -1.188105e+002 8.359368e+001 -7.016466e-004 1.529842e-002 -1.555359e-001 3.831356e+002 2.590496e+000 -9.075368e+002 -2.427040e+001 1.639415e+002 5.703764e+001
 2.106929e-002 1.816743e+001 2.582315e+001 -3.807578e-003 5.494725e-003 -4.017237e-001 1.033354e+002 -7.722799e-002 -3.192603e+002 -5.339378e+000 5.703764e+001 2.470314e+001
lnDet: -15.914577
endClass:
classIndex: 1
prior: 0.986957
mean: 9.325169e+001 1.628095e-002 8.810311e-001 -2.375342e+002 4.286314e+001 1.048926e+001 3.090802e-002 2.665638e+000 6.148429e-003 6.353545e-001 -3.749072e-001 6.962108e-001
icov:
 2.793492e-004 -3.995852e-001 4.068890e-003 2.932113e-006 -3.856554e-005 -5.736233e-004 1.037382e-001 -9.852507e-004 -2.926989e-002 8.730289e-003 2.486511e-002 6.458234e-003
 -3.995852e-001 2.133608e+004 4.403550e+002 1.200147e-001 -5.062823e-001 1.262592e+000 2.712803e+003 1.703534e+001 -1.582954e+003 -4.667567e+001 -3.302353e+002 -4.688862e+001
 4.068890e-003 4.403550e+002 4.673570e+002 4.616473e-004 2.622979e-003 -2.025372e+000 -1.444784e+002 6.987249e-001 6.807091e+000 -7.283938e+001 1.649541e+001 2.486623e+000
 2.932113e-006 1.200147e-001 4.616473e-004 2.230468e-005 -1.234939e-005 4.937759e-005 -3.082702e-002 -4.024110e-004 1.591504e-002 3.101420e-003 1.812571e-003 2.172095e-004
 -3.856554e-005 -5.062823e-001 2.622979e-003 -1.234939e-005 1.156324e-004 -3.354219e-004 1.862192e-002 -7.705448e-005 -1.781495e-002 -2.114890e-002 6.984574e-003 8.114025e-004
 -5.736233e-004 1.262592e+000 -2.025372e+000 4.937759e-005 -3.354219e-004 6.676714e-002 1.851255e-001 1.034529e-003 1.091926e-001 -8.654118e-002 2.286762e-001 -2.046387e-002
 1.037382e-001 2.712803e+003 -1.444784e+002 -3.082702e-002 1.862192e-002 1.851255e-001 5.253461e+003 2.109530e+001 -2.814409e+003 2.409781e+001 -5.944634e+001 -1.598957e+001
 -9.852507e-004 1.703534e+001 6.987249e-001 -4.024110e-004 -7.705448e-005 1.034529e-003 2.109530e+001 4.016649e-001 -8.492115e+000 -4.563905e-001 -6.828502e-001 -3.663259e-001
 -2.926989e-002 -1.582954e+003 6.807091e+000 1.591504e-002 -1.781495e-002 1.091926e-001 -2.814409e+003 -8.492115e+000 5.079404e+003 -9.022920e+000 2.231671e+001 5.013054e+000
 8.730289e-003 -4.667567e+001 -7.283938e+001 3.101420e-003 -2.114890e-002 -8.654118e-002 2.409781e+001 -4.563905e-001 -9.022920e+000 6.652292e+001 -6.404854e+000 -3.744996e-001
 2.486511e-002 -3.302353e+002 1.649541e+001 1.812571e-003 6.984574e-003 2.286762e-001 -5.944634e+001 -6.828502e-001 2.231671e+001 -6.404854e+000 4.200402e+001 9.245798e+000
 6.458234e-003 -4.688862e+001 2.486623e+000 2.172095e-004 8.114025e-004 -2.046387e-002 -1.598957e+001 -3.663259e-001 5.013054e+000 -3.744996e-001 9.245798e+000 2.764278e+000
lnDet: -6.683338
endClass:
